f:\My Pictures\Missies Wedding\Images\AAAA0007.jpg
F:\vbprojects\Image Editing\APaint8\
 0 
 0 
 0 
 0 
 0 
 0 
 0 
 0 
 0 
 0 
 0 
 1 
 0 
 0 
 0 
 0 
 0 
 2535 
 2580 
 10240 
 1920 
 5120 
 1920 
 10240 
 1920 
 5120 
 1920 
 7680 
 1920 
 10240 
 1920 
 5120 
 1920 
 2385 
 7845 
 5120 
 3840 
JASC-PAL
0100
 256 
0 0 0
255 255 255
0 48 224
16 64 208
24 80 200
24 96 192
32 112 184
40 128 168
40 144 160
48 160 152
48 176 144
56 192 128
64 208 120
64 224 112
72 240 104
96 248 80
104 244 80
112 236 80
120 232 80
136 228 80
144 224 80
152 216 80
160 212 80
176 208 80
184 204 80
192 196 80
200 192 80
216 188 80
224 184 80
232 176 80
240 156 80
232 148 72
224 136 64
208 128 64
200 116 56
192 108 56
184 96 48
168 88 40
160 76 40
152 68 32
144 56 24
128 48 24
120 36 16
112 28 16
104 16 0
96 16 0
112 32 0
120 48 0
128 64 0
136 80 0
152 96 0
160 112 0
168 128 0
176 144 0
192 160 0
200 176 0
208 192 0
216 208 0
232 224 0
240 240 0
232 244 0
216 236 16
200 224 24
184 216 32
168 208 40
152 200 48
136 188 56
120 180 72
104 172 80
88 164 88
72 152 96
56 144 104
40 136 112
24 128 120
0 116 128
16 120 144
32 128 152
48 136 160
64 148 168
80 156 176
96 164 184
112 172 184
128 184 192
144 192 200
160 200 208
176 208 216
192 220 224
208 228 232
224 236 240
240 244 240
248 248 248
240 244 240
232 236 232
232 232 232
224 228 224
224 224 224
216 216 216
208 212 208
208 208 208
200 204 200
192 196 192
192 192 192
184 188 184
184 184 184
176 176 176
168 168 176
168 164 176
168 160 184
160 156 184
160 152 192
160 148 192
160 144 200
152 140 200
152 136 208
152 132 208
152 128 216
144 124 216
144 120 224
144 116 224
144 112 232
128 108 216
120 108 200
104 104 184
96 104 168
88 104 152
80 104 136
72 100 128
64 100 112
56 100 96
48 100 80
32 96 64
24 96 48
16 96 32
0 96 16
0 92 0
0 108 16
0 120 32
0 128 48
0 140 64
0 148 80
0 160 96
0 168 112
0 180 128
0 188 144
0 200 160
0 208 176
0 220 192
0 228 208
0 240 224
0 248 240
16 236 232
32 220 216
48 204 200
64 188 184
80 172 168
96 156 152
112 140 136
128 124 120
144 108 104
160 92 88
176 76 72
192 60 56
208 44 40
224 28 24
240 12 0
248 16 0
248 32 0
248 48 0
248 64 0
248 80 0
248 96 0
248 112 0
248 128 0
248 144 0
248 160 0
248 176 0
248 192 0
248 208 0
248 224 0
248 240 0
248 236 0
240 220 16
232 204 32
232 188 40
224 172 48
224 156 64
216 140 72
208 124 88
208 108 96
200 92 104
192 76 120
192 60 128
184 44 136
184 28 152
176 12 160
176 16 176
184 32 184
192 48 192
192 64 192
200 80 200
208 96 208
208 112 208
216 128 216
216 144 216
224 160 224
232 176 232
232 192 232
240 208 240
248 224 248
248 240 248
240 244 240
232 232 232
224 224 224
208 212 208
200 204 200
192 192 192
184 184 184
168 172 168
160 164 160
152 152 152
144 144 144
128 132 128
120 124 120
112 112 112
104 104 104
80 84 96
72 76 104
72 72 120
64 64 128
56 60 136
48 52 144
48 48 160
40 40 168
32 36 176
24 28 184
24 24 200
16 16 208
0 12 216
0 0 224
0 0 240
0 0 0
0 0 0
0 0 0
0 0 0
0 0 0
0 0 0
0 0 0
0 0 0
0 0 0
0 0 0
0 0 0
0 0 0
0 0 0
0 0 0
0 0 0
0 0 0

